1584 382
1584 404
1584 426
1584 448
1584 469
1584 861
1584 883
1584 904
1584 927
1584 948
1585 53
1585 97
1585 118
1585 640
1585 662
1585 684
1585 706
1586 273
1586 294
1586 316
1586 338
1586 360
1586 795
1586 816
1586 839
1586 860
1586 882
1587 306
1587 328
1587 350
1587 372
1587 915
1587 937
1587 958
1587 981
1587 1002
1588 10
1588 31
1588 53
1588 75
1588 662
1588 683
1588 705
1588 727
1589 846
1589 867
1589 889
1589 1498
1589 1519
1589 1541
1590 294
1590 316
1590 337
1590 360
1590 381
1590 403
1590 708
1590 729
1590 752
1590 773
1590 795
1590 839
1591 338
1591 382
1591 404
1591 425
1591 448
1591 861
1591 883
1591 904
1591 927
1591 948
1592 420
1592 443
1592 464
1592 486
1592 1461
1592 1482
1592 1505
1592 1526
1592 1548
1593 3
1593 1064
1593 1085
1593 1108
1593 1129
1593 1151
1593 1456
1593 1477
1593 1500
1593 1521
1593 1543
1594 119
1594 141
1594 162
1594 185
1594 728
1594 750
1594 771
1595 9
1595 31
1595 53
1595 74
1595 596
1595 618
1595 639
1595 640
1595 662
1595 683
1596 305
1596 327
1596 349
1596 371
1596 392
1596 784
1596 806
1596 827
1596 850
1596 871
1597 119
1597 141
1597 706
1597 727
1597 750
1597 771
1598 7
1598 51
1598 312
1598 333
1598 356
1598 377
1598 399
1598 421
1598 443
1598 1504
1598 1525
1598 1548
1598 1569
1599 185
1599 206
1599 229
1599 250
1599 272
1599 751
1599 772
1599 794
1599 816
1599 838
1600 397
1600 418
1600 440
1600 462
1600 1243
1600 1264
1600 1286
1600 1308
1601 208
1601 230
1601 251
1601 903
1601 925
1601 946
1602 306
1602 328
1602 350
1602 372
1602 937
1602 958
1602 981
1602 1002
1603 207
1603 229
1603 251
1603 273
1603 838
1603 859
1603 882
1603 903
1604 822
1604 844
1604 866
1604 888
1604 909
1604 1323
1604 1344
1604 1367
1604 1388
1605 72
1605 116
1605 138
1605 159
1605 182
1605 203
1605 225
1605 247
1605 269
1605 290
1605 313
1605 334
1606 484
1606 527
1606 528
1606 571
1606 1265
1606 1287
1606 1309
1606 1331
1607 294
1607 316
1607 337
1607 360
1607 381
1607 403
1607 708
1607 729
1607 773
1607 795
1607 839
1608 6
1608 27
1608 50
1608 71
1608 93
1608 137
1608 158
1608 180
1608 202
1608 224
1608 245
1608 268
1608 289
1608 1437
1608 1459
1608 1480
1608 1503
1608 1524
1608 1546
1608 1568
1609 207
1609 229
1609 251
1609 273
1609 838
1609 859
1609 882
1609 903
1610 77
1610 100
1610 121
1610 143
1610 923
1610 924
1610 967
1610 989
1611 6
1611 27
1611 49
1611 71
1611 93
1611 114
1611 137
1611 158
1611 180
1611 202
1611 224
1611 1459
1611 1480
1611 1503
1611 1524
1611 1546
1611 1568
1612 10
1612 32
1612 54
1612 75
1612 705
1612 727
1612 749
1612 770
1613 131
1613 153
1613 174
1613 197
1613 826
1613 848
1613 869
1613 892
1614 32
1614 54
1614 75
1614 727
1614 749
1614 770
1615 338
1615 360
1615 381
1615 404
1615 425
1615 773
1615 817
1615 839
1615 860
1615 883
1615 904
1616 66
1616 88
1616 110
1616 132
1616 891
1616 912
1616 935
1616 956
1617 382
1617 404
1617 425
1617 448
1617 469
1617 861
1617 883
1617 904
1617 927
1617 948
1618 658
1618 680
1618 701
1618 1223
1618 1245
1618 1267
1618 1289
1618 1310
1619 120
1619 142
1619 163
1619 815
1619 837
1619 858
1620 54
1620 75
1620 97
1620 683
1620 727
1620 749
1621 976
1621 997
1621 1020
1621 1041
1621 1063
1621 1085
1621 1107
1621 1412
1621 1433
1621 1455
1621 1477
1621 1499
1622 53
1622 74
1622 97
1622 118
1622 140
1622 619
1622 640
1622 662
1622 684
1623 8
1623 30
1623 52
1623 73
1623 465
1623 487
1623 531
1623 552
1623 1570
1624 229
1624 250
1624 273
1624 294
1624 316
1624 795
1624 816
1624 838
1624 860
1624 882
1625 185
1625 206
1625 229
1625 250
1625 272
1625 751
1625 772
1625 794
1625 816
1625 838
1626 207
1626 229
1626 251
1626 273
1626 838
1626 859
1626 882
1626 903
1627 273
1627 294
1627 316
1627 338
1627 360
1627 795
1627 816
1627 839
1627 860
1627 882
1628 31
1628 53
1628 75
1628 97
1628 662
1628 683
1628 706
1628 727
1629 207
1629 229
1629 251
1629 273
1629 838
1629 859
1629 882
1629 903
1630 120
1630 142
1630 164
1630 186
1630 837
1630 858
1630 881
1630 902
1631 207
1631 229
1631 251
1631 273
1631 838
1631 859
1631 882
1631 903
1632 99
1632 120
1632 858
1632 880
1633 8
1633 487
1633 508
1633 530
1633 552
1633 1526
1633 1570
1634 240
1634 261
1634 283
1634 305
1634 327
1634 762
1634 783
1634 806
1634 827
1634 849
1635 273
1635 294
1635 316
1635 338
1635 360
1635 795
1635 816
1635 839
1635 860
1635 882
1636 508
1636 530
1636 551
1636 574
1636 595
1636 1505
1636 1527
1636 1549
1636 1570
1637 316
1637 360
1637 381
1637 403
1637 425
1637 447
1637 752
1637 773
1637 795
1637 817
1637 839
1638 180
1638 201
1638 224
1638 245
1638 267
1638 311
1638 1372
1638 1393
1638 1416
1638 1437
1638 1459
1639 250
1639 272
1639 294
1639 316
1639 729
1639 751
1639 772
1639 795
1639 816
1640 1020
1640 1041
1640 1064
1640 1085
1640 1107
1640 1151
1640 1172
1640 1390
1640 1412
1640 1456
1640 1477
1640 1499
1640 1521
1640 1543
1641 2
1641 23
1641 955
1641 977
1641 998
1641 1021
1641 1542
1641 1564
1642 10
1642 31
1642 54
1642 75
1642 662
1642 683
1642 705
1642 727
1642 749
1643 306
1643 329
1643 350
1643 372
1643 937
1643 958
1643 981
1643 1002
1643 1024
1644 889
1644 910
1644 932
1644 954
1644 976
1644 1411
1644 1455
1644 1476
1644 1498
1645 31
1645 53
1645 75
1645 97
1645 662
1645 683
1645 727
1646 889
1646 910
1646 933
1646 954
1646 976
1646 1455
1646 1476
1646 1498
1646 1520
1646 1542
1647 99
1647 120
1647 143
1647 164
1647 858
1647 880
1647 902
1647 924
1648 3
1648 1020
1648 1064
1648 1085
1648 1129
1648 1151
1648 1456
1648 1477
1648 1521
1648 1543
1649 317
1649 338
1649 360
1649 382
1649 404
1649 839
1649 860
1649 883
1649 904
1649 926
1650 527
1650 549
1650 571
1650 593
1650 1244
1650 1265
1650 1288
1650 1309
1651 273
1651 294
1651 316
1651 338
1651 360
1651 795
1651 816
1651 839
1651 860
1651 882
1652 381
1652 403
1652 425
1652 447
1652 468
1652 491
1652 512
1652 534
1652 578
1652 599
1652 665
1652 686
1652 730
1652 752
1652 773
1652 796
1652 817
1653 224
1653 245
1653 267
1653 289
1653 311
1653 1372
1653 1393
1653 1416
1653 1437
1653 1459
1653 1481
1653 1503
1654 954
1654 998
1654 1020
1654 1499
1654 1520
1654 1543
1654 1564
1655 507
1655 529
1655 573
1655 1418
1655 1439
1655 1462
1655 1483
1656 616
1656 659
1656 681
1656 1376
1656 1397
1656 1419
1657 138
1657 159
1657 203
1657 225
1658 1020
1658 1042
1658 1064
1658 1085
1658 1129
1658 1456
1658 1477
1658 1499
1658 1521
1658 1543
1658 1564
1659 374
1659 396
1659 418
1659 440
1659 1199
1659 1220
1659 1243
1659 1264
1660 823
1660 846
1660 867
1660 889
1660 1454
1660 1475
1660 1498
1660 1519
1660 1541
1661 98
1661 119
1661 142
1661 163
1661 771
1661 793
1661 815
1661 837
1662 399
1662 420
1662 443
1662 464
1662 486
1662 1461
1662 1482
1662 1504
1662 1526
1662 1548
1663 7
1663 29
1663 51
1663 356
1663 377
1663 399
1663 421
1663 443
1663 464
1663 1504
1663 1548
1663 1569
1664 74
1664 96
1664 118
1664 140
1664 161
1664 553
1664 575
1664 596
1664 619
1664 640
1665 294
1665 316
1665 338
1665 360
1665 381
1665 773
1665 795
1665 816
1665 839
1665 860
1666 119
1666 141
1666 163
1666 185
1666 750
1666 771
1667 867
1667 889
1667 910
1667 1454
1667 1476
1667 1498
1667 1519
1668 146
1668 167
1668 190
1668 211
1668 233
1668 1229
1668 1251
1668 1273
1668 1295
1669 294
1669 316
1669 337
1669 360
1669 381
1669 752
1669 773
1669 795
1669 817
1669 839
1669 860
1670 251
1670 273
1670 294
1670 838
1670 860
1670 882
1670 903
1671 250
1671 272
1671 294
1671 316
1671 337
1671 751
1671 795
1671 816
1671 860
1672 3
1672 1064
1672 1085
1672 1108
1672 1129
1672 1151
1672 1195
1672 1216
1672 1434
1672 1456
1672 1477
1672 1500
1672 1521
1672 1543
1672 1565
1673 80
1673 102
1673 124
1673 146
1673 167
1673 190
1673 1207
1673 1229
1673 1251
1673 1272
1673 1295
1673 1316
1674 285
1674 306
1674 329
1674 350
1674 958
1674 980
1674 1024
1675 530
1675 551
1675 1483
1675 1505
1676 845
1676 866
1676 888
1676 910
1676 932
1676 1367
1676 1388
1676 1411
1676 1432
1676 1454
1677 294
1677 316
1677 337
1677 360
1677 381
1677 773
1677 795
1677 816
1677 839
1677 860
1678 1064
1678 1085
1678 1107
1678 1129
1678 1151
1678 1172
1678 1195
1678 1216
1678 1238
1678 1282
1678 1303
1678 1369
1678 1390
1678 1434
1678 1456
1678 1477
1678 1500
1678 1521
1679 207
1679 229
1679 251
1679 273
1679 294
1679 838
1679 859
1679 882
1679 903
1680 572
1680 594
1680 616
1680 659
1680 1375
1680 1397
1680 1419
1681 45
1681 66
1681 88
1681 110
1681 891
1681 912
1681 934
1681 956
1682 264
1682 307
1682 1045
1682 1067
1683 163
1683 185
1683 206
1683 229
1683 250
1683 772
1683 794
1683 815
1683 838
